3-NN:0.555556
SVC:0.703704
Bayes:0.777778
DT:0.777778
