3-NN:0.555556
SVC:0.592593
Bayes:0.740741
DT:0.592593
