3-NN:0.481481
SVC:0.666667
Bayes:0.407407
DT:0.592593
