3-NN:0.703704
SVC:0.814815
Bayes:0.666667
DT:0.518519
