3-NN:0.714286
SVC:0.571429
Bayes:0.214286
DT:0.642857
