3-NN:0.592593
SVC:0.629630
Bayes:0.592593
DT:0.592593
