mean: 0.981929
std: 0.085825
max: 0.999892
min: 0.072687
range: 0.927205

neg:
mean: 0.031327
std: 0.146705
max: 0.999721
min: 0.000068
range: 0.999653

TP: 0.990826
TN: 0.972664
