mean: 0.980231
std: 0.103625
max: 0.999873
min: 0.003502
range: 0.996371

neg:
mean: 0.055821
std: 0.183217
max: 0.999675
min: 0.000119
range: 0.999556

TP: 0.985944
TN: 0.957966
