mean: 0.957646
std: 0.161842
max: 0.999893
min: 0.000843
range: 0.999051

neg:
mean: 0.031306
std: 0.135813
max: 0.999727
min: 0.000404
range: 0.999323

TP: 0.966203
TN: 0.977537
