mean: 0.979353
std: 0.103497
max: 0.999831
min: 0.007469
range: 0.992363

neg:
mean: 0.074302
std: 0.217005
max: 0.999589
min: 0.000077
range: 0.999512

TP: 0.989919
TN: 0.934000
