mean: 0.969785
std: 0.087430
max: 0.999518
min: 0.216010
range: 0.783507

neg:
mean: 0.105289
std: 0.241377
max: 0.998216
min: 0.000187
range: 0.998029

TP: 0.989562
TN: 0.909813
