mean: 0.967666
std: 0.109159
max: 0.999721
min: 0.100394
range: 0.899326

neg:
mean: 0.106309
std: 0.253674
max: 0.998574
min: 0.000105
range: 0.998469

TP: 0.981053
TN: 0.904403
